102214442
102663010
102716154
103405726
103406101
103542536
103552838
103579873
103772176
103785348
103886210
103908005
103952352
103986607
104035494
104043169
104043615
104043628
104043744
104066786
104089333
104122988
104135454
104153765
104155850
104155910
104177695
104263566
104265472
104283465
104286098
104299139
104299437
104305927
104321969
104321999
104328639
104337813
104351277
104360354
104377722
104402508
104485182
104495593
104498985
104499260
104499985
104506010
104513421
104522430
104529945
104531080
104531201
104560043
104560575
104561046
104561734
104573181
104574351
104581380
104598666
104603386
104609574
104612130
104612473
104624590
104628063
104629181
104643125
104657906
104665592
104670724
104684265
104687331
104698592
104712602
104723639
104752842
104762964
104781011
104782696
104785503
104785716
104788025
104790697
104793557
104800948
104804860
104821317
104830063
104830659
104841668
104844239
104858227
104881580
104886004
104886023
104886768
104890791
104891213
104897938
104901427
104918269
104919322
104925960
104926905
104927163
104929240
104943048
104943501
104943857
104951599
104953357
104955366
104959021
104968563
104972043
104972736
104979865
104987397
104991110
104993758
104995131
105001872
105004498
105009062
105009586
105012186
105013009
105013885
105015604
105020560
105021593
105025195
105034191
105034613
105034617
105036846
105037106
105037184
105041967
105047677
105056237
105059054
105065909
105065975
105073634
105080499
105080931
105081474
105108829
105114645
105122050
105126664
105127205
105134062
105135366
105140264
105143254
105147876
105149486
105155815
105158404
105160824
105163711
105164468
105164965
105165946
105174647
105178229
105178340
105180278
105181415
105193065
105193277
105193287
105202167
105203125
105204127
105204300
105210202
105214285
105215453
105216464
105218214
105218986
105219195
105220451
105223129
105225550
105227344
105232976
105233536
105233557
105233877
105240156
105244509
105247118
105249627
105252603
105254414
105260987
105261167
105261385
105261398
105262926
105263127
105263299
105265806
105268420
105270250
105271005
105272176
105274336
105274564
105275085
105275336
105281015
105282253
105283148
105284629
105286694
105293148
105301334
105301851
105302817
105302839
105302845
105304871
105306480
105307589
105309583
105315848
105316738
105317224
105318659
105320050
105321285
105323321
105323679
105327395
105327847
105329237
105332201
105332675
105334364
105334721
105346323
105349586
105349815
105352758
105361964
105370206
105371029
105371314
105372238
105372275
105372932
105373078
105373493
105373901
105374119
105380047
105380652
105380678
105382107
105382374
105382438
105382509
105382563
105382570
105382586
105382603
105382644
105383067
105384200
105384212
105384233
105384311
105385597
105386669
105386730
105387399
105388652
105389443
105391304
105394450
105400384
105400486
105400639
105404606
105409855
105410512
105411241
105414965
105415663
105415917
105416027
105421733
105424160
105424183
105425823
105426081
105427864
105429377
105429404
105429431
105429474
105434659
105436775
105438342
105441276
105447245
105447565
105448504
105452442
105453892
105455583
105457117
105458634
105458980
105462267
105462619
105462735
105463241
105464212
105464791
105468501
105468537
105470246
105470336
105473082
105473975
105474016
105474035
105474051
105474089
105474122
105475641
105477298
105477337
105478009
105481030
105481280
105482582
105483113
105487232
105489857
105490565
105492084
105492148
105493168
105493286
105494038
105495605
105497263
105499472
105501342
105502090
105503959
105504011
105506086
105508653
105508753
105510225
105518173
105523700
105523741
105526776
105528094
105530871
105532041
105532252
105534181
105537459
105537953
105539524
105541547
105542031
105543092
105543918
105544626
105546467
105548047
105549876
105550355
105551241
105552987
105555678
105557769
105557773
105561142
105561175
105561202
105561983
105562189
105563613
105565027
105567528
105568307
105570653
105571071
105573046
105573186
105574335
105576106
105577483
105579994
105580555
105584041
105584187
105584509
105584559
105584668
105587834
105588742
105588831
105588847
105589194
105590056
105591649
105591994
105592704
105592706
105592708
105593552
105593770
105594539
105596722
105598081
105599386
105599392
105602444
105603709
105603766
105604473
105605577
105606257
105611923
105613057
105614807
105615191
105615574
105616353
105618318
105619446
105620766
105621647
105622039
105623665
105623696
105623889
105624457
105624484
105625315
105625907
105625972
105626071
105627956
105628249
105629565
105631417
105632104
105632274
105633084
105633282
105633305
105634196
105634550
105636240
105637571
105637613
105638317
105639222
105639276
105639306
105639402
105639412
105639416
105639775
105640653
105640900
105641346
105641816
105642753
105644484
105647271
105648056
105648528
105648607
105648641
105648699
105649250
105649427
105649597
105649850
105650068
105650145
105650191
105650225
105650764
105651906
105652520
105654273
105654741
105655669
105655682
105656412
105657921
105658051
105658217
105658455
105659050
105659129
105660556
105660689
105662210
105663684
105664012
105664985
105665050
105665092
105665128
105665767
105667459
105668646
105668664
105668813
105668918
105671274
105671578
105671963
105671975
105671993
105672759
105672763
105673032
105673640
105673887
105674110
105674342
105674385
105674432
105674669
105674676
105674779
105674781
105675344
105676745
105677037
105677188
105677576
105677694
105678666
105678745
105679277
105679518
105679775
105679795
105680355
105680416
105680715
105680724
105680738
105680832
105680870
105681018
105681325
105682258
105682391
105682703
105682707
105683036
105683337
105684610
105684801
105685449
105685508
105685623
105685647
105686247
105686271
105686282
105687523
105687853
105687963
105688238
105688594
105688855
105688894
105689061
105689309
105689566
105692004
105692145
105692918
105693039
105694399
105694834
105695076
105695238
105695240
105695708
105697326
105697725
105698312
105698515
105698617
105698623
105699956
105700954
105700995
105701157
105701173
105701430
105701475
105702259
105703575
105703914
105704846
105705258
105705652
105706332
105707247
105707741
105708276
105708437
105708467
105708787
105708824
105709306
105709320
105709834
105709858
105710190
105710232
105710822
105711499
105712036
105714264
105715306
105715463
105715471
105715475
105717048
105717074
105717090
105717158
105717406
105717715
105717728
105718296
105718307
105718429
105719341
105719490
105719643
105719850
105720142
105720903
105720915
105721060
105721104
105721155
105721480
105721551
105721557
105721620
105721958
105721997
105722000
105722528
105723177
105724085
105724681
105725084
105726545
105726938
105727534
105727653
105727865
105729789
105730525
105730797
105732431
105732479
105732716
105732942
105733026
105733441
105733470
105733577
105734517
105734696
105735105
105735294
105735438
105737882
105738153
105738401
105738486
105738503
105738597
105739709
105740353
105740367
105740619
105740655
105740926
105740957
105741267
105741474
105742256
105742273
105743304
105743389
105743556
105743706
105744775
105745351
105745925
105746281
105746362
105746954
105747191
105747667
105747758
105747853
105748226
105748378
105749309
105749359
105749669
105749989
105750096
105750116
105750770
105751277
105751293
105751443
105752094
105752410
105753650
105755724
105755844
105755886
105755991
105756151
105756889
105756920
105757127
105757934
105758457
105759251
105759280
105759664
105760100
105760228
105761106
105762799
105763089
105763244
105763319
105763794
105764254
105764757
105764793
105764825
105764962
105764969
105766157
105766381
105766398
105767262
105767524
105768049
105768781
105769584
105770640
105770706
105770833
105771147
105771166
105771277
105771629
105771748
105772070
105772399
105772568
105775295
105775301
105775428
105775603
105775673
105775827
105775898
105775938
105775939
105776071
105776207
105776215
105777856
105778033
105778679
105779104
105779717
105779741
105779951
105780524
105780535
105780580
105780590
105781282
105781623
105781635
105781672
105781806
105781827
105781849
105781865
105781886
105782213
105782231
105782879
105783178
105783434
105783765
105784293
105784677
105784993
105785005
105785015
105785029
105785175
105785531
105786126
105786369
105786654
105786663
105786881
105787475
105787661
105787956
105787964
105789159
105789579
105790053
105790824
105791343
105792031
105792043
105792103
105792122
105792241
105792971
105793016
105793172
105793630
105793659
105793670
105793929
105793990
105794098
105794108
105794113
105794114
105794124
105794223
105794493
105794591
105794875
105795080
105795136
105795378
105795549
105796102
105796788
105796960
105797125
105797181
105797271
105797773
105797857
105798114
105799851
105799918
105799930
105799944
105799948
105799953
105799965
105799979
105799981
105799986
105800005
105800013
105800016
105800020
105800023
105800474
105800764
105800997
105801324
105801687
105801753
105802263
105802847
105802910
105802915
105802949
105803319
105803334
105803869
105804074
105804453
105804629
105804645
105804896
105805112
105805114
105805458
105805517
105805541
105805546
105805571
105805573
105805585
105805704
105805987
105806218
105806761
105806835
105806853
105806899
105807055
105807313
105807733
105807996
105808127
105808807
105809061
105809098
105809448
105809483
105809560
105809912
105810335
105810400
105810444
105810705
105810770
105811165
105811414
105811478
105811561
105812987
105813101
105813155
105813548
105813568
105813783
105813923
105814387
105815032
105815061
105815184
105815201
105815323
105815807
105815891
105815916
105816398
105816650
105816782
105816790
105816855
105817166
105817329
105817380
105817549
105817564
105817604
105817607
105817610
105817613
105817616
105817619
105817621
105817848
105818206
105818590
105818935
105818989
105819298
105819440
105819467
105819763
105820019
105820551
105820695
105820715
105820833
105820914
105821994
105822094
105822360
105822412
105822453
105822704
105822779
105823006
105823020
105823030
105823058
105823093
105823102
105823118
105823208
105823220
105823228
105823284
105823300
105823450
105823502
105824181
105824417
105824602
105824718
105824736
105824786
105824840
105824888
105825100
105825117
105825132
105825171
105825196
105825205
105825211
105825239
105825269
105825305
105826055
105826080
105826209
105826367
105826668
105827231
105827254
105827324
105827475
105827486
105827587
105828217
105828259
105828508
105828619
105828623
105829060
105829073
105829331
105829338
105829475
105829588
105829790
105829890
105830099
105830104
105830116
105830432
105830616
105830818
105830836
105831026
105831250
105831337
105831400
105831423
105831483
105831503
105831506
105831543
105831719
105831855
105831871
105831938
105832151
105833175
105833195
105833642
105833893
105834059
105834261
105834289
105834336
105834373
105834383
105834487
105834506
105834790
105834837
105834865
105834950
105835155
105835247
105835629
105835705
105836038
105836063
105836098
105836205
105836245
105836257
105836575
105837513
105837526
105837804
105837864
105838024
105838275
105838670
105838764
105838852
105839033
105839038
105839040
105839041
105839042
105839044
105839046
105839066
105839432
105839559
105839669
105839698
105839821
105840473
105841099
105841103
105841111
105841123
105841269
105841322
105841685
105841957
105841965
105841989
105842066
105842273
105842559
105842581
105842608
105842663
105842733
105842844
105842902
105842964
105842970
105843580
105843737
105843819
105843831
105843875
105843904
105844571
105844597
105845365
105845664
105845767
105845808
105846064
105846165
105846337
105846379
105846414
105846502
105846976
105847452
105847709
105847711
105847893
105848108
105848333
105848934
105848993
105849078
105849291
105849339
105849402
105849483
105849499
105849715
105849838
105849887
105849892
105849899
105849916
105850213
105850215
105850226
105850252
105850264
105850280
105850982
105851030
105851096
105851325
105851518
105851536
105851881
105852001
105852075
105852168
105852198
105852389
105852457
105852511
105852658
105852672
105852820
105852835
105852871
105853173
105853197
105853272
105853275
105853322
105854241
105854365
105854646
105854964
105855204
105855443
105855499
105855523
105855664
105855856
105855881
105856124
105856188
105856334
105856494
105856500
105857531
105857657
105857788
105857800
105857821
105857941
105858042
105858378
105858798
105858980
105858990
105859088
105859149
105859174
105859436
105859689
105859703
105859729
105860023
105860212
105860214
105860263
105860266
105860375
105860441
105860964
105861413
105862377
105862891
105863044
105863254
105863478
105863521
105863572
105863700
105863737
105863767
105863773
105864245
105864692
105864838
105865548
105865958
105866557
105866850
105866943
105867049
105867053
105868294
105868554
105868569
105868746
105868848
105868867
105868956
105869200
105869238
105869306
105869311
105869316
105869471
105869842
105869865
105870155
105870168
105870468
105871197
105871252
105871322
105871529
105871841
105871878
105872389
105872417
105872758
105872917
105872981
105873086
105873403
105873442
105873474
105873548
105873780
105874042
105874426
105874753
105874899
105874942
105875194
105875638
105875836
105876161
105876318
105876442
105876501
105876506
105876559
105876571
105876599
105876862
105876887
105876888
105876910
105876984
105876987
105877006
105877021
105877023
105877072
105877080
105877082
105877086
105877275
105877519
105877575
105877726
105877733
105877752
105878105
105878400
105878763
105878909
105879123
105879126
105879140
105879271
105879278
105879706
105879760
105879842
105880151
105880211
105880431
105880852
105880872
105880992
105881105
105881388
105881490
105881512
105881708
105881713
105881751
105881757
105881896
105881935
105882511
105882514
105882658
105882808
105882853
105882881
105882897
105882948
105883069
105883098
105883216
105883271
105883335
105883378
105883387
105883405
105883432
105883716
105883754
105883850
105884003
105884010
105884365
105884422
105885067
105885090
105885395
105885397
105885645
105885686
105885725
105885727
105885741
105886231
105886323
105886577
105886749
105886852
105886949
105887024
105887091
105887138
105887181
105887260
105887364
105887416
105887574
105887621
105887642
105887647
105887650
105887926
105887983
105887997
105888000
105888242
105888305
105888542
105888555
105888650
105888678
105888696
105888726
105888760
105888767
105888873
105888923
105888991
105889441
105889462
105889584
105889668
105889772
105889826
105889968
105889974
105890148
105890292
105890340
105890346
105890348
105890355
105890440
105890457
105890505
105890527
105890601
105890609
105891569
105891625
105891658
105891728
105891916
105892472
105892635
105892672
105892947
105893298
105893358
105893628
105893713
105894138
105894158
105894164
105894166
105894177
105894189
105894248
105894317
105894373
105894439
105894449
105895670
105895722
105895726
105895995
105896155
105896184
105896399
105896489
105896505
105896520
105896564
105896869
105896954
105897025
105897162
105897465
105897509
105897651
105897703
105897769
105897878
105898422
105898731
105898815
105898861
105898882
105899157
105899207
105899406
105899739
105899890
105899920
105900079
105900099
105900192
105900208
105900225
105900286
105900304
105900432
105900455
105900528
105900544
105900647
105900755
105900779
105900804
105900830
105900908
105900972
105901048
105901143
105901466
105901687
105901946
105902335
105902380
105902408
105902457
105902547
105902552
105902797
105903123
105903200
105903234
105903267
105903361
105903696
105903746
105903949
105904041
105904213
105904811
105904862
105904872
105904894
105904901
105904976
105905056
105905352
105905428
105905878
105906180
105906258
105906567
105906643
105906682
105906703
105906712
105906840
105906847
105906858
105906889
105906972
105907017
105907989
105907994
105908016
105908017
105908024
105908032
105908038
105908041
105908058
105908562
105908676
105908753
105908972
105909649
105909741
105909763
105909852
105910058
105910069
105910083
105910105
105910308
105910324
105910395
105910408
105910900
105910987
105911313
105911326
105911334
105911340
105911380
105911449
105911477
105911482
105911656
105911659
105911681
105911688
105911732
105911745
105911775
105912498
105912575
105912610
105912849
105913105
105913174
105913523
105913970
105914661
105914791
105914940
105915070
105915095
105915104
105915191
105915430
105915445
105915519
105915824
105915856
105915865
105915872
105915877
105915886
105915900
105915910
105915927
105916013
105916239
105916717
105916755
105916821
105916854
105916861
105916871
105916883
105916965
105917006
105917155
105917403
105917477
105917501
105917772
105917882
105918062
105918202
105918248
105918285
105918367
105918409
105918433
105918448
105918453
105918459
105918621
105918623
105918634
105918637
105918649
105918657
105918779
105918797
105919663
105919697
105919826
105919922
105919976
105920018
105920353
105920501
105920503
105920536
105920583
105920600
105920611
105920660
105920711
105921324
105921348
105921367
105921391
105921404
105921558
105921577
105921610
105921699
105921701
105922006
105922241
105922437
105922506
105923051
105923179
105923351
105923566
105923568
105923729
105923736
105924132
105924186
105924376
105924617
105924755
105924858
105924868
105924915
105924925
105925188
105925190
105925212
105925629
105925695
105925875
105925918
105926016
105926106
105926114
105926220
105926272
105926423
105926491
105926715
105926756
105926782
105926805
105926834
105926914
105926938
105926984
105927152
105927162
105927436
105927606
105927615
105927732
105927876
105927943
105927946
105927966
105927969
105927978
105928009
105928036
105928046
105928048
105928119
105928126
105928572
105928576
105928629
105928633
105928663
105928665
105928722
105928758
105928807
105928848
105928962
105929485
105929631
105929723
105929809
105930275
105930313
105930488
105930515
105930538
105930591
105930735
105931162
105931256
105931355
105931394
105931531
105931582
105931621
105931635
105931720
105931798
105931824
105931889
105931984
105932082
105932089
105932101
105932122
105932236
105932253
105932267
105932286
105932292
105932483
105932485
105932774
105933118
105933196
105933318
105933481
105933525
105933969
105933990
105934109
105934143
105934222
105934349
105934356
105934438
105934540
105934597
105934896
105934902
105934938
105934995
105935027
105935298
105935350
105935393
105935411
105935529
105935553
105935558
105935718
105935724
105935968
105935984
105936438
105936521
105936594
105936609
105936617
105936624
105936689
105936690
105936760
105936772
105936815
105936993
105936996
105937009
105937195
105937242
105937289
105937412
105937587
105937699
105937928
105937966
105938252
105938362
105938408
105938523
105938551
105938574
105938590
105938605
105938710
105938738
105938888
105938912
105938939
105939369
105940027
105940156
105940282
105940408
105940464
105940539
105940777
105941276
105941310
105941598
105941701
105941804
105941850
105941881
105941882
105941932
105942038
105942186
105942212
105942416
105942423
105942547
105943050
105943077
105943175
105943201
105943321
105943394
105943646
105943698
105943905
105943910
105943992
105944008
105944023
105944056
105944334
105944367
105944416
105944440
105944733
105944745
105944756
105944763
105945001
105945062
105945087
105945147
105945155
105945176
105945317
105945353
105945354
105945356
105945526
105945578
105945657
105945718
105945769
105945778
105945839
105945862
105945863
105945866
105945872
105945878
105945881
105945882
105945947
105945967
105945999
105946030
105946039
105946052
105946055
105946060
105946094
105946128
105946132
105946162
105946178
105946862
105946941
105947005
105947348
105947514
105947705
105947814
105947949
105948001
105948089
105948129
105948146
105948328
105948587
105948720
105948810
105948945
105948970
105949396
105949398
105949454
105949537
105949578
105949937
105950008
105950112
105950231
105950258
105950527
105950539
105950915
105950929
105951202
105951520
105951544
105951635
105951856
105951881
105951921
105951935
105952075
105952084
105952172
105952272
105952693
105952751
105952839
105952850
105952852
105952858
105952859
105952878
105952879
105952885
105952942
105952946
105952953
105952970
105952971
105952975
105953030
105953593
105953706
105953747
105953752
105953755
105953979
105954090
105954112
105954176
105954180
105954280
105954329
105954331
105954337
105954420
105954428
105954601
105954815
105955022
105955070
105955205
105955251
105955292
105955300
105955368
105955384
105955408
105955473
105955490
105955534
105955544
105955686
105955732
105955741
105955752
105955843
105955892
105955898
105956257
105956541
105956926
105957000
105957116
105957172
105957183
105957189
105957216
105957391
105957518
105957673
105957700
105957719
105957740
105957752
105957802
105957891
105958022
105958024
105958043
105958136
105958312
105958328
105958334
105958428
105958549
105958693
105958751
105958792
105958799
105958807
105958966
105959059
105959117
105959269
105959329
105959330
105959435
105959467
105959791
105959924
105960112
105960175
105960202
105960237
105960243
105960255
105960503
105960568
105960622
105960651
105960834
105960995
105961054
105961108
105961114
105961243
105961246
105961343
105961412
105961652
105961718
105961741
105961770
105961867
105961975
105962189
105962353
105962442
105962562
105962563
105962573
105962586
105962591
105962597
105962694
105962701
105962795
105962798
105962806
105962843
105962858
105962862
105962863
105962878
105962879
105963061
105963152
105963498
105963606
105963676
105963727
105963754
105963930
105963944
105964139
105964211
105964247
105964367
105964374
105964627
105964767
105964879
105965003
105965198
105965303
105965431
105965447
105965483
105965531
105965575
105965713
105965771
105965941
105966003
105966117
105966164
105966195
105966199
105966209
105966278
105966281
105966283
105966289
105966311
105966323
105966331
105966333
105966372
105966373
105966593
105966706
105966782
105967356
105967447
105967458
105967484
105967580
105967796
105967997
105968190
105968216
105968366
105968370
105968431
105968437
105968470
105968504
105968542
105968657
105968735
105968758
105968769
105968814
105968849
105968887
105968900
105968928
105968934
105968957
105969003
105969085
105969305
105969311
105969348
105969525
105969526
105969688
105969706
105969756
105969988
105970579
105970639
105970802
105970924
105970925
105970973
105971121
105971204
105971218
105971246
105971261
105971349
105971353
105971361
105971404
105971947
105972055
105972064
105972150
105972385
105972593
105972700
105972722
105972744
105972751
105973174
105973268
105973292
105973317
105973320
105973347
105973349
105973381
105973483
105973492
105973567
105973779
105973936
105973980
105974175
105974237
105974258
105974346
105974422
105974464
105974582
105974619
105974876
105974917
105975037
105975063
105975141
105975162
105975187
105975223
105975291
105975381
105975403
105975510
105975529
105975614
105975629
105975811
105975837
105975919
105976047
105976053
105976086
105976095
105976103
105976114
105976165
105976182
105976354
105976509
105976663
105976883
105976887
105976949
105976954
105976963
105976973
105976985
105977013
105977032
105977169
105977296
105977349
105977478
105977962
105978062
105978065
105978093
105978124
105978174
105978225
105978309
105978359
105978656
105978691
105978719
105978730
105978735
105978742
105979295
105979319
105979337
105979352
105979455
105979457
105979468
105979472
105979473
105979479
105979534
105979539
105979748
105979762
105979774
105979815
105979818
105979839
105979915
105979919
105979967
105980005
105980012
105980013
105980018
105980056
105980058
105980097
105980148
105980170
105980176
105980179
105980427
105980788
105981040
105981058
105981448
105981454
105981655
105981672
105981715
105981864
105982082
105982790
105982792
105982879
105982924
105983012
105983027
105983145
105983236
105983301
105983746
105983865
105983893
105983904
105983915
105983974
105984026
105984064
105984076
105984389
105984398
105984490
105984527
105984567
105984747
105985301
105985317
105985643
105985704
105985777
105986004
105986032
105986215
105986219
105986252
105986256
105986277
105986382
105986404
105986421
105986424
105986466
105986516
105986739
105987037
105987064
105987161
105987194
105987204
105987207
105987216
105987261
105987353
105987990
105988047
105988072
105988159
105988187
105988227
105988522
105988536
105988544
105988547
105988590
105988638
105988647
105988714
105988759
105988828
105988918
105988946
105988975
105988998
105989036
105989103
105989396
105989485
105989501
105989508
105989541
105989549
105989552
105989565
105989697
105989714
105989748
105989829
105989861
105989864
105990044
105990083
105990199
105990208
105990310
105990346
105990397
105990485
105990488
105990581
105990664
105991029
105991271
105991340
105991351
105991395
105991489
105991531
105991541
105991546
105991590
105991609
105991616
105991640
105991824
105991849
105991988
105991991
105992005
105992043
105992138
105992387
105992417
105992446
105992510
105992525
105992582
105992706
105992765
105992855
105992934
105992948
105992953
105992986
105993035
105993052
105993066
105993067
105993230
105993231
105993307
105993361
105993378
105993393
105993410
105993421
105993434
105993740
105993812
105993882
105993890
105993899
105993905
105993907
105993920
105993924
105994029
105994063
105994064
105994076
105994081
105994084
105994085
105994088
105994090
105994093
105994543
105994571
105994605
105994665
105994680
105994737
105995223
105995483
105995566
105995731
105995879
105995895
105995980
105996267
105996299
105996322
105996336
105996592
105996603
105996637
105996667
105996700
105996849
105996852
105996856
105996963
105996988
105996989
105997066
105997101
105997102
105997192
105997201
105997202
105997252
105997490
105997532
105997543
105997553
105997560
105997568
105997573
105997732
105997736
105997739
105997745
105997758
105997810
105997825
105998005
105998034
105998036
105998038
105998050
105998054
105998070
105998074
105998090
105998094
105998097
105998098
105998101
105998122
105998125
105998132
105998143
105998163
105998165
105998169
105998351
105998448
105998469
105998492
105998570
105998602
105998608
105998624
105998658
105998701
105998753
105998841
105998895
105998988
105999030
105999031
105999251
105999512
105999545
105999607
105999730
106000031
106000247
106000298
106000325
106000618
106000626
106000723
106000725
106000880
106000919
106000992
106001041
106001052
106001131
106001221
106001304
106001328
106001355
106001367
106001446
106001471
106001538
106001550
106001553
106001565
106001603
106001611
106001638
106001655
106001671
106001713
106001810
106001811
106001816
106001823
106001902
106001913
106001920
106001935
106001956
106001958
106001960
106002065
106002118
106002663
106002678
106002874
106002949
106003043
106003156
106003191
106003340
106003641
106003688
106003710
106003713
106003745
106003792
106004098
106004158
106004164
106004165
106004281
106004387
106004397
106004588
106004815
106004956
106004963
106005018
106005027
106005051
106005105
106005196
106005207
106005315
106005318
106005341
106005345
106005354
106005387
106005561
106005571
106005581
106005621
106005636
106005697
106005700
106005873
106006187
106006614
106006647
106006701
106007020
106007145
106007257
106007336
106007366
106007689
106007741
106007768
106008042
106008050
106008095
106008108
106008187
106008284
106008430
106008529
106008534
106008544
106008548
106008557
106008817
106008908
106009107
106009118
106009229
106009236
106009240
106009563
106009731
106009799
106010066
106010322
106010325
106010393
106010440
106010474
106010536
106010543
106010571
106010576
106010582
106010591
106010723
106010795
106010913
106011163
106011305
106011400
106011483
106011532
106011772
106011826
106011847
106011851
106011865
106011883
106011897
106011954
106012000
106012034
106012036
106012092
106012120
106012124
106012155
106012272
106012304
106012307
106012336
106012387
106012443
106012453
106012503
106012514
106012547
106012556
106012566
106012571
106012576
106012581
106012617
106012650
106012724
106012730
106012797
106012801
106012888
106012889
106013100
106013102
106013103
106013270
106013305
106013346
106013347
106013350
106013372
106013436
106013440
106013450
106013457
106013507
106013561
106013567
106013571
106013586
106013589
106013625
106013637
106013694
106013733
106013734
106013736
106013738
106013816
106013875
106013895
106013896
106013906
106014007
106014197
106014249
106014310
106014324
106014394
106014644
106014652
106014782
106014856
106015033
106015058
106015084
106015089
106015105
106015111
106015173
106015398
106015611
106015633
106015638
106015857
106016343
106016690
106016881
106016931
106016937
106016999
106017046
106017097
106017098
106017102
106017119
106017122
106017129
106017258
106017267
106017320
106017348
106017384
106017386
106017421
106017463
106017468
106017509
106017518
106017639
106017716
106017733
106017842
106017934
106018346
106018701
106018819
106018842
106018893
106018896
106019155
106019188
106019212
106019235
106019245
106019273
106019309
106019487
106019494
106019499
106019694
106019707
106019810
106019841
106019884
106019949
106019959
106019977
106019999
106020021
106020100
106020114
106020123
106020260
106020303
106020336
106020585
106020598
106020613
106020716
106020736
106020755
106020893
106020894
106020938
106020940
106020960
106020976
106020987
106021005
106021084
106021133
106021137
106021146
106021153
106021170
106021497
106021531
106021534
106021550
106021559
106021609
106021663
106021685
106021694
106021745
106021752
106021757
106021761
106021836
106022164
106022264
106022303
106022340
106022355
106022533
106022539
106022617
106022624
106022645
106022677
106022696
106022709
106022723
106022825
106022887
106022888
106022996
106023009
106023028
106023197
106023214
106023348
106023366
106023384
106023624
106023645
106023654
106023678
106023695
106023735
106023757
106023884
106023899
106023930
106023947
106023960
106024175
106024185
106024229
106024256
106024388
106024562
106024577
106024581
106024601
106024647
106024726
106024817
106024818
106024840
106024846
106024901
106024911
106024935
106024970
106024972
106025391
106025456
106025558
106025871
106025916
106025967
106026027
106026064
106026078
106026109
106026114
106026197
106026205
106026281
106026326
106026371
106026621
106026656
106026670
106026674
106026725
106026791
106026885
106026911
106026925
106026940
106027010
106027016
106027024
106027134
106027358
106027465
106027723
106027821
106027837
106027846
106027913
106027920
106027930
106027954
106027982
106028030
106028034
106028071
106028097
106028098
106028111
106028190
106028192
106028195
106028208
106028217
106028222
106028239
106028271
106028452
106028479
106028506
106028528
106028531
106028586
106028615
106028658
106028678
106028688
106028745
106028762
106028771
106028812
106028817
106028818
106028821
106028917
106028918
106028920
106028925
106028938
106028968
106029551
106029559
106029621
106029660
106029778
106029790
106029832
106029869
106029874
106029895
106029910
106029927
106030030
106030103
106030127
106030319
106030327
106030357
106030375
106030406
106030477
106030755
106031008
106031178
106031614
106031702
106031987
106032460
106032500
106032534
106032702
106032852
106032863
106032867
106032894
106032941
106032956
106033000
106033057
106033148
106033407
106033543
106033694
106033816
106033912
106033923
106034062
106038067
106038183
106038191
106038202
106038412
106038440
106038519
106038915
106038939
106038941
106039004
106039015
106039039
106039340
106039356
106039371
106039467
106039476
106039535
106039619
106039811
106039917
106039971
106040036
106040083
106040123
106040163
106040231
106040233
106040238
106040250
106040287
106040291
106040301
106040343
106040434
106040450
106040467
106040546
106040635
106040661
106040782
106040795
106040807
106040808
106040814
106040841
106040858
106040895
106041011
106041197
106041440
106041662
106041836
106041898
106041936
106042190
106042231
106042292
106042475
106042569
106042581
106042615
106042773
106042800
106042876
106042900
106043073
106043094
106043236
106043339
106043369
106043464
106043499
106043513
106043551
106043596
106043613
106043635
106043637
106043651
106043679
106043684
106043691
106043695
106043700
106043805
106043815
106044008
106044013
106044014
106044130
106044131
106044135
106044197
106044375
106044379
106044464
106044476
106044503
106044585
106044839
106044885
106044988
106045033
106045042
106045099
106045117
106045128
106045134
106045152
106045169
106045225
106045279
106045301
106045336
106045362
106045373
106045391
106045395
106045456
106045469
106045473
106045490
106045492
106045493
106045524
106045525
106045540
106045541
106045609
106045620
106045661
106045854
106045940
106045952
106045956
106046009
106046039
106046065
106046109
106046125
106046128
106046190
106046201
106046351
106046379
106046467
106046501
106046520
106046534
106046551
106046554
106046592
106046606
106046607
106046620
106046640
106046782
106046786
106046843
106046974
106046986
106047074
106047108
106047173
106047263
106047284
106047299
106047348
106047551
106047558
106047561
106047563
106047618
106047670
106047724
106047877
106047926
106047941
106047957
106047965
106047974
106047991
106048171
106048303
106048408
106048409
106048437
106048466
106048509
106048574
106048590
106048599
106048607
106048621
106048670
106048683
106048805
106048811
106048846
106048866
106049004
106049030
106049084
106049174
106049180
106049204
106049263
106049384
106049477
106049517
106049531
106049634
106049645
106049647
106049649
106049650
106049659
106049834
106049835
106049838
106049843
106050046
106050090
106050133
106050165
106050196
106050201
106050205
106050206
106050208
106050236
106050239
106050241
106050293
106050351
106050469
106050471
106050496
106050497
106050499
106050508
106050515
106050517
106050526
106050528
106051009
106051259
106051503
106051570
106051598
106051616
106051625
106051636
106051674
106051685
106051726
106051785
106051797
106051887
106051902
106051953
106051976
106051988
106051994
106052104
106052178
106052208
106052304
106052336
106052337
106052357
106052611
106052674
106052740
106052761
106052764
106052770
106052791
106052815
106052825
106052826
106052849
106052850
106052867
106052886
106052936
106052939
106052960
106052986
106053032
106053101
106053120
106053142
106053146
106053168
106053230
106053262
106053276
106053474
106053526
106053545
106053588
106053598
106053602
106053624
106053653
106053677
106053731
106053743
106053756
106053761
106053835
106053836
106053839
106053840
106053847
106053913
106054150
106054254
106054448
106054454
106054641
106054662
106054699
106054725
106054731
106054759
106054851
106054956
106054963
106054983
106055007
106055032
106055045
106055054
106055057
106055067
106055069
106055097
106055107
106055112
106055165
106055506
106055610
106055613
106055635
106055641
106055667
106055744
106055994
106056059
106056125
106056251
106056253
106056311
106056360
106056466
106056491
106056501
106056509
106056567
106056582
106056596
106056599
106056610
106056680
106056728
106056731
106056753
106056761
106056771
106056788
106056815
106056817
106056883
106056899
106056969
106056983
106057045
106057046
106057047
106057049
106057050
106057053
106057055
106057056
106057057
106057058
106057070
106057279
106057374
106057385
106057426
106057562
106057701
106057711
106057745
106057750
106057827
106057933
106057941
106057981
106058036
106058049
106058070
106058096
106058131
106058141
106058144
106058233
106058400
106058406
106058413
106058475
106058562
106058602
106058647
106058650
106058665
106058674
106058680
106058837
106058849
106058915
106059057
106059087
106059188
106059201
106059266
106059277
106059313
106059340
106059361
106059379
106059411
106059413
106059431
106059437
106059500
106059509
106059575
106059596
106059610
106059617
106059621
106059665
106059710
106059738
106059745
106059770
106059891
106059906
106059992
106059995
106060001
106060021
106060159
106060160
106060275
106060504
106060597
106060662
106060689
106060732
106060740
106060812
106060825
106060847
106060991
106061001
106061062
106061079
106061081
106061093
106061153
106061162
106061227
106061412
106061507
106061571
106061574
106061591
106061660
106061683
106061908
106061930
106061958
106061968
106061986
106061988
106062054
106062068
106062078
106062144
106062270
106062306
106062350
106062474
106062475
106062477
106062478
106062591
106062595
106062622
106062646
106062656
106062671
106062688
106062735
106062829
106062858
106062870
106062875
106062890
106062920
106062960
106062980
106062999
106063021
106063034
106063076
106063085
106063116
106063118
106063121
106063133
106063135
106063139
106063145
106063148
106063330
106063331
106063340
106063346
106063360
106063366
106063370
106063476
106063482
106063654
106063681
106063694
106063942
106063959
106064008
106064035
106064205
106064258
106064380
106064383
106064394
106064404
106064648
106064683
106064730
106064757
106064800
106064895
106064898
106065004
106065064
106065094
106065347
106065359
106065378
106065416
106065464
106065507
106065575
106065582
106065605
106065638
106065758
106065780
106065783
106065792
106065919
106065938
106065957
106065971
106065976
106065985
106066001
106066090
106066140
106066170
106066240
106066241
106066243
106066248
106066250
106066260
106066267
106066274
106066276
106066353
106066355
106066361
106066362
106066364
106066368
106066373
106066380
106066502
106066503
106066511
106066515
106066517
106066518
106066530
106066546
106066548
106066575
106066579
106066599
106066600
106066627
106066632
106066641
106066656
106066679
106066682
106066688
106066705
106066707
106066716
106066722
106066724
106066727
106066733
106066743
106066751
106066755
106066759
106066775
106066802
106066830
106066842
106066847
106066850
106066853
106066875
106066880
106066909
106066911
106066914
106066916
106066991
106066993
106067068
106067076
106067185
106067317
106067334
106067381
106067440
106067450
106067795
106067856
106067884
106067996
106068008
106068066
106068113
106068190
106068229
106068321
106068323
106068327
106068422
106068582
106068817
106068878
106068943
106068949
106069032
106069110
106069170
106069176
106069197
106069229
106069318
106069335
106069364
106069368
106069379
106069382
106069411
106069455
106069513
106069603
106069609
106069637
106069638
106069641
106069661
106069684
106069711
106069715
106069736
106069782
106069795
106069836
106069844
106069859
106069936
106069937
106069969
106070010
106070040
106070077
106070078
106070100
106070111
106070112
106070114
106070116
106070123
106070128
106070132
106070138
106070140
106070144
106070153
106070210
106070214
106070234
106070248
106070249
106070251
106070265
106070522
106070680
106070767
106070799
106070932
106070944
106070985
106071036
106071087
106071166
106071229
106071347
106071360
106071404
106071521
106071653
106071873
106071967
106071990
106072053
106072096
106072161
106072251
106072295
106072354
106072431
106072437
106072471
106072515
106072628
106072631
106072702
106072703
106072712
106072749
106072774
106072928
106072985
106073018
106073041
106073049
106073055
106073190
106073249
106073274
106073283
106073288
106073306
106073363
106073368
106073375
106073414
106073421
106073429
106073437
106073557
106073572
106073594
106073675
106073815
106073938
106073963
106074083
106074287
106074388
106074391
106074441
106074474
106074484
106074490
106074497
106074517
106074577
106074596
106074695
106074722
106074741
106074752
106074865
106074868
106074948
106075013
106075206
106075279
106075331
106075475
106075518
106075538
106075629
106075630
106075660
106075666
106075674
106075681
106075696
106075750
106075820
106076049
106076075
106076081
106076152
106076286
106076349
106076425
106076431
106076437
106076438
106076489
106076492
106076503
106076512
106076515
106076531
106076540
106076548
106076554
106076563
106076689
106076696
106076701
106076702
106076765
106076793
106076794
106076828
106077084
106077188
106077413
106077450
106077457
106077652
106077660
106077691
106077705
106077725
106077838
106077909
106077918
106077963
106077967
106077969
106077976
106077983
106078032
106078044
106078066
106078176
106078187
106078210
106078224
106078230
106078340
106078388
106078450
106078462
106078475
106078523
106078584
106078619
106078641
106078896
106078913
106078915
106079024
106079036
106079059
106079181
106079201
106079261
106079287
106079289
106079292
106079295
106079393
106079408
106079439
106079455
106079493
106079496
106079536
106079567
106079606
106079696
106079707
106079708
106079710
106079713
106079759
106079763
106079774
106079777
106079778
106079788
106079790
106079796
106079799
106079837
106079858
106079859
106079861
106079863
106079867
106079869
106079870
106079874
106079892
106079894
106079895
106079896
106079898
106079899
106079900
106079910
106079915
106079917
106079919
106079920
106079923
106079930
106079931
106079932
106079933
106079934
106079935
106079936
106079937
106079938
106079941
106079943
106079946
106079947
106079950
106079951
106079954
106079957
106079958
106079960
106079964
106079973
106079986
106079987
106080051
106080055
106080059
106080061
106080063
106080067
106080074
106080084
106080095
106080096
106080098
106080099
106080101
106080105
106080108
106080117
106080462
106080627
106080674
106080753
106080869
106080897
106080925
106080947
106080956
106081001
106081002
106081028
106081031
106081032
106081059
106081173
106081254
106081262
106081273
106081277
106081305
106081363
106081447
106081480
106081526
106081585
106081615
106081663
106081729
106081773
106081794
106081798
106081828
106081831
106081884
106081911
106081957
106081960
106082021
106082072
106082081
106082094
106082128
106082168
106082197
106082209
106082265
106082353
106082395
106082428
106082463
106082466
106082471
106082567
106082609
106082628
106082630
106082742
106082752
106082899
106082908
106082992
106083060
106083180
106083358
106083459
106083537
106083564
106083593
106083678
106083734
106083785
106083792
106083913
106083940
106083944
106083950
106083969
106084525
106084531
106084562
106084624
106084699
106084705
106084743
106084859
106084938
106084995
106085034
106085046
106085215
106085298
106085340
106085441
106085451
106085557
106085574
106085587
106085599
106085609
106085661
106085683
106085782
106085785
106086423
106086477
106086576
106086649
106086658
106086659
106086693
106086697
106086723
106086737
106086749
106086813
106086838
106086885
106086887
106086891
106086910
106086914
106086938
106086948
106087116
106087129
106087143
106087287
106087338
106087344
106087359
106087384
106087396
106087512
106087529
106087579
106087582
106087625
106087667
106087678
106087689
106087691
106087745
106087784
106087827
106087836
106087854
106087872
106087956
106087991
106088037
106088072
106088206
106088295
106088327
106088342
106088400
106088418
106088505
106088506
106088523
106088601
106088631
106088884
106088901
106089010
106089013
106089015
106089017
106089053
106089062
106089070
106089082
106089087
106089089
106089090
106089092
106089096
106089097
106089449
106089479
106089609
106089672
106089690
106089753
106089757
106089907
106089983
106090003
106090048
106090061
106090104
106090156
106090270
106090279
106090409
106090467
106090543
106090616
106090718
106090723
106090726
106090885
106090926
106091064
106091178
106091197
106091253
106091268
106091306
106091314
106091380
106091392
106091431
106091442
106091448
106091463
106091520
106091544
106091575
106091591
106091688
106091703
106091766
106091831
106091893
106091937
106091962
106091983
106092023
106092034
106092037
106092048
106092049
106092066
106092067
106092073
106092095
106092111
